0 0.133446 0.762763 0.158784 0.342342
0 0.343750 0.609610 0.109797 0.354354
0 0.595439 0.630631 0.143581 0.306306
0 0.835304 0.764264 0.177365 0.309309
0 0.754223 0.533033 0.109797 0.231231
0 0.456081 0.591592 0.101351 0.228228
0 0.273649 0.378378 0.108108 0.234234
0 0.129223 0.343844 0.119932 0.243243
0 0.207770 0.168168 0.064189 0.168168
0 0.352196 0.318318 0.082770 0.192192
0 0.448480 0.262763 0.076014 0.183183
0 0.587838 0.265766 0.060811 0.135135
0 0.673142 0.334835 0.069257 0.153153
0 0.848818 0.261261 0.062500 0.144144
0 0.743243 0.333333 0.047297 0.108108
0 0.797297 0.186186 0.047297 0.120120
0 0.785473 0.093093 0.050676 0.096096
0 0.653716 0.160661 0.054054 0.105105
0 0.268581 0.172673 0.043919 0.129129
0 0.032939 0.187688 0.065878 0.141141
0 0.038851 0.364865 0.064189 0.153153
0 0.118243 0.118619 0.054054 0.111111
0 0.478885 0.106607 0.045608 0.093093